FILE-MEST--PARAG-1
9 9 8 7 6 5 4 3 2 1
8 9 8 7 6 5 4 3 2 1
7 9 8 7 6 5 4 3 2 1
6 9 8 7 6 5 4 3 2 1
5 9 8 7 6 5 4 3 2 1
4 9 8 7 6 5 4 3 2 1
3 9 8 7 6 5 4 3 2 1
2 9 8 7 6 5 4 3 2 1
1 9 8 7 6 5 4 3 2 1
FILE-MEST--PARAG-2
9 9 8 7 6 5 4 3 2 1
8 9 8 7 6 5 4 3 2 1
7 9 8 7 6 5 4 3 2 1
6 9 8 7 6 5 4 3 2 1
5 9 8 7 6 5 4 3 2 1
4 9 8 7 6 5 4 3 2 1
3 9 8 7 6 5 4 3 2 1
2 9 8 7 6 5 4 3 2 1
1 9 8 7 6 5 4 3 2 1
FILE-MEST--PARAG-3
9 9 8 7 6 5 4 3 2 1
8 9 8 7 6 5 4 3 2 1
7 9 8 7 6 5 4 3 2 1
6 9 8 7 6 5 4 3 2 1
5 9 8 7 6 5 4 3 2 1
4 9 8 7 6 5 4 3 2 1
3 9 8 7 6 5 4 3 2 1
2 9 8 7 6 5 4 3 2 1
1 9 8 7 6 5 4 3 2 1
FILE-MEST--PARAG-4
9 9 8 7 6 5 4 3 2 1
8 9 8 7 6 5 4 3 2 1
7 9 8 7 6 5 4 3 2 1
6 9 8 7 6 5 4 3 2 1
5 9 8 7 6 5 4 3 2 1
4 9 8 7 6 5 4 3 2 1
3 9 8 7 6 5 4 3 2 1
2 9 8 7 6 5 4 3 2 1
1 9 8 7 6 5 4 3 2 1
FILE-MEST--PARAG-5
9 9 8 7 6 5 4 3 2 1
8 9 8 7 6 5 4 3 2 1
7 9 8 7 6 5 4 3 2 1
6 9 8 7 6 5 4 3 2 1
5 9 8 7 6 5 4 3 2 1
4 9 8 7 6 5 4 3 2 1
3 9 8 7 6 5 4 3 2 1
2 9 8 7 6 5 4 3 2 1
1 9 8 7 6 5 4 3 2 1
Dosya Sonu.